"rs6674631" "rs151078149" "rs10915621" "rs12063965" "rs79791497" "rs12118185" "rs145614101" "rs12044914" "rs116275323" "rs10799172" "rs10799173" "rs6681359" "rs4484964" "rs4345839" "rs4584438" "rs4543848" "rs9439510" "rs4462197" "rs10753353" "rs4314925" "rs12741116" "rs4600091" "rs10753354" "rs6698288" "rs7517449" "rs9439538" "rs9439539" "rs6672724" "rs12403774" "rs12028551" "rs12406908" "rs113496286" "rs113193404" "rs144938608" "rs16852063" "rs12031731" "rs12046015" "rs10927873" "rs9429277" "rs78442776" "rs9429280" "rs113503883" "rs848296" "rs848311" "rs698894" "rs848314" "rs1763631" "rs848297" "rs1999736" "rs1617906" "rs761758" "rs1739827" "rs12057691" "rs12068573" "rs12057768" "rs12057806" "rs12096463" "rs10927882" "rs1739828" "rs12095644" "rs12059258" "rs2484687" "rs2474308" "rs2474309" "rs2474310" "rs12071137" "rs1628150" "rs1739829" "rs1739830" "rs1624526" "rs10927884" "rs1622173" "rs61783986" "rs1739831" "rs1739832" "rs1763618" "rs1763617" "rs1763616" "rs1763615" "rs1763613" "rs1739834" "rs1763612" "rs3738646" "rs1763609" "rs1763608" "rs61783987" "rs1763602" "rs1763600" "rs1739839" "rs61783988" "rs3738643" "rs1739845" "rs3738640" "rs872221" "rs56783248" "rs3754331" "rs3754329" "rs870038" "rs1544131" "rs1544130"
"rs6674631" 0.999999999999999 0.963981647999706 0.40075634423969 0.712851641338511 0.628382849325797 0.359665740748357 0.58061995424016 0.283553280503809 0.584427340036686 0.00210962434976982 0.00210962434976982 0.00304213568537625 0.000677062670416079 0.00148571300513027 0.00111067073764067 0.00112270158306653 0.000937196487243556 0.000871269625395719 0.000883198531691532 0.000769342449548502 -0.000697444118399637 -0.000673901544031662 -0.000691588064872308 -0.000662127663180462 -0.000266028135420261 -0.000343287144628548 -0.000739276579641847 0.00048522049679184 -0.00544514887834898 -0.00553002418094978 -0.00656246689869318 -0.00571971679894754 -0.00672019327800639 -0.00680272004857258 -0.00679241168872508 -0.00679241168872508 -0.00679440392388871 -0.00671578758467737 -0.00665374266891261 -0.00671381257922709 -0.00723977459586802 -0.00710684661253481 -0.00710684661253481 -0.00731544362145097 -0.00731544362145097 -0.00731544362145097 -0.00731544362145097 -0.00732564478524833 0.00755325306279743 -0.00605821409294811 -0.00589025423442964 -0.00605998860036548 0.000901602994342725 0.000930899400650164 0.00095043783275653 0.000963289292196615 0.000972994720976473 0.000972994720976473 -0.00218930454190237 0.0009827016097808 0.0009827016097808 -0.00585179789431747 -0.00308716670155947 -0.0030796906868815 -0.00420908576033101 -0.00420163937992362 -0.00442182119635672 -0.00595600221094311 -0.00343477802705037 -0.00338262372236762 -0.00207810118145837 -0.00338262372236762 0.00101886965361875 -0.00357433686681088 -0.00330853439914663 -0.00329361911945198 -0.00329361911945198 -0.00592476386078979 -0.00330062580925147 -0.00327870216987052 -0.00332344801020184 -0.00585179789431747 0.00116602169947665 -0.00613760382828539 -0.00585179789431747 -0.000944630022101191 -0.00584136542370192 -0.00588308215343392 -0.00585179789431747 -0.000722258072864247 -0.000664006080056854 -0.00552574748698482 -0.000576790628583312 -0.00581005483973823 -0.000567058753171752 -0.000499007680993644 -0.000508752364979511 -0.0058204938977988 -0.00609114222597052 -0.00607037530601925
"rs151078149" 0.963981647999706 1 0.407703652278618 0.725469261517739 0.639904260605857 0.36777779624999 0.590388900958008 0.290946546573609 0.601118040123431 0.00374577946317729 0.00374577946317729 0.00467677406117369 0.00233497228569593 0.00304467438564665 0.00275972517612471 0.00277190179172703 0.00258547813712162 0.00251896359747137 0.00253089703396358 0.00241587515730893 0.000928590842119393 0.000952406009915082 0.000934583079201067 0.000964316258266448 0.000887339691457145 0.000812603956703104 0.000415189352925205 0.00163944216559536 -0.00374594721677224 -0.00383251906908812 -0.00488698210326955 -0.00404836973354672 -0.00504990617395492 -0.00513403590384427 -0.00512352745866902 -0.00512352745866902 -0.00512503020497386 -0.00504382595285451 -0.00586658441246676 -0.00504234264451252 -0.00558058123993375 -0.00544509496549573 -0.00544509496549573 -0.0056566613529369 -0.0056566613529369 -0.0056566613529369 -0.0056566613529369 -0.00566705852912546 0.0068159392811529 -0.00527507175291128 -0.00511539918381163 -0.00527661687063192 -0.000774357825130172 -0.000745404311879783 -0.000726094673627788 -0.000703954690361822 -0.000694360427921242 -0.000694360427921242 -0.00405064020882005 -0.000684764743662567 -0.000684764743662567 -0.0050663829144405 -0.00386035060927671 -0.00385288701721592 -0.004980950844087 -0.00497351690712368 -0.005192799406773 -0.00517161085722627 -0.00420664494657561 -0.00415457570457977 -0.0039396014594958 -0.00415457570457977 -0.000658464884060787 -0.00275134887831087 -0.00408071384176768 -0.00406582302286651 -0.00406582302286651 -0.00514006584063213 -0.00407271194426788 -0.00405093055364055 -0.00409560301158354 -0.0050663829144405 -0.000513417800166867 -0.00536510915960634 -0.0050663829144405 -0.00262446059595867 -0.00505584786009019 -0.00509797468317569 -0.0050663829144405 -0.00240554130857244 -0.00234799432778968 -0.00562708954670676 -0.00226261060099011 -0.00502422928297244 -0.00225299691893527 -0.00218616117198809 -0.00219578728349728 -0.00503477104576904 -0.00530807560686497 -0.0052871053195584
"rs10915621" 0.40075634423969 0.407703652278618 1 0.539192307372879 0.458192525468085 0.840725500199755 0.316995730145259 0.60286202649952 0.320315793908127 -0.0123032124377516 -0.0123032124377516 -0.0116681608054229 -0.0135687042907722 -0.0121391644781794 -0.0138794250258662 -0.0140797093253757 -0.0122249063830264 -0.0123631936309041 -0.0123372907781878 -0.0125748081435188 -0.0151246523391047 -0.0150757442298784 -0.0151130590324174 -0.015051285128171 -0.0149944478048695 -0.0177229456201437 -0.0152235856611328 -0.0177516915715616 -0.00435697918713344 -0.00370035762587136 -0.004359651088498 -0.00363657725389693 -0.00472989219089918 -0.00450028441585894 -0.00447685587415346 -0.00447685587415346 -0.00447816894970065 -0.00429302796439722 -0.00498773002250428 -0.00429176545370554 -0.00301214658669446 -0.00312181159776219 -0.00312181159776219 -0.00359266891472634 -0.00359266891472634 -0.00359266891472634 -0.00359266891472634 -0.00361606787319383 0.00394835594550958 -0.0027257350013318 -0.00310148997730221 -0.00272653339453874 0.00169292043411084 0.00175622763233523 0.00179844860933072 0.00161309579990761 0.0016340528328151 0.0016340528328151 0.000363720264284973 0.00165501301231076 0.00165501301231076 -0.00267078485034956 -0.000229009234655733 -0.000212649539657717 -0.000603155802979171 -0.00058679912937897 -0.00107634520495702 -0.00290726674071885 -0.000995884028588663 -0.000881768656011159 0.000342339926010933 -0.000881768656011159 0.00194632415149204 -0.000560470649347636 -0.000718764637223591 -0.000686128377861092 -0.000686128377861092 -0.0028363767119183 -0.000702350978201074 -0.000653488323527929 -0.000751397104395467 -0.00267078485034956 0.0018981029180865 -0.00366139680648661 -0.00267078485034956 0.00128590318662067 -0.00264710804541333 -0.002741784001752 -0.00267078485034956 0.00140654416023966 0.0015339230759051 -0.00393824305862331 0.0017260057354219 -0.00257604632099857 0.00174728703191066 0.00189678473236017 0.00187547503205346 -0.00259973878404207 -0.00196424229359111 -0.00233349638018424
"rs12063965" 0.712851641338511 0.725469261517739 0.539192307372879 0.999999999999999 0.850346686776048 0.493345665115844 0.557301641696871 0.275102313811298 0.55760804834447 -0.00310258442216149 -0.00310258442216149 -0.00231652682180572 -0.00478016277277809 -0.00612553981393846 -0.00432264774026799 -0.00430885295167689 -0.00412088887101118 -0.00419732662679947 -0.00418317258651855 -0.00431470196040925 -0.0068800315054602 -0.00685306598073799 -0.00687357847794191 -0.00683958039927087 -0.00652909171698103 -0.00606754309659411 -0.00653182660783804 -0.0062061389627699 -0.00185964420509382 -0.00196433274033387 -0.00324150333661251 -0.00254901010514986 -0.00344154220564177 -0.00354320867192898 -0.00353050996022625 -0.00353050996022625 -0.00353154546961685 -0.00343184662295768 -0.00410818355798026 -0.00343083737189066 -0.00184366082205495 -0.00167677642142088 -0.00167677642142088 -0.0019344487465038 -0.0019344487465038 -0.0019344487465038 -0.0019344487465038 -0.00194725452150927 0.0110164258074473 -0.0014599650556878 -0.00159964188950983 -0.00146039269307096 0.00141619333236626 0.00145094269201015 0.00147411784437171 0.00122889607780462 0.00124038820437005 0.00124038820437005 0.00132424548478467 0.0012518820608842 0.0012518820608842 -0.00195365785038065 -0.000189428551817423 -0.000180479491067721 -0.00110979026367393 -0.00110086396858603 -0.00136749041997526 -0.00208249806038508 -0.000608862535920869 -0.000546439149686761 0.000983136114541832 -0.000546439149686761 0.00155528713724418 0.00125099551331016 -0.000457281488157444 -0.000439428814022557 -0.000439428814022556 -0.00204387559504147 -0.000448294133507891 -0.000421574065351111 -0.000475132089276165 -0.00195365785038065 0.00172990833695344 -0.00264889838539624 -0.00195365785038065 1.56231858437989e-05 -0.00194075829968633 -0.00199233953598801 -0.00195365785038065 -0.000381228316391598 -0.000312071570160343 -0.0026437738610915 -0.000208310954148884 -0.00190204265605928 -0.000196757159415045 -0.000115856697041759 -0.000127425761185724 -0.00191495070431845 -0.00149915491334091 -0.00222389767396016
"rs79791497" 0.628382849325797 0.639904260605857 0.458192525468085 0.850346686776048 1 0.573704729889054 0.520762254730627 0.343734442098143 0.518371465494626 -0.0043730923688821 -0.0043730923688821 -0.00366032382710715 -0.0057545275906307 -0.00864746131414253 -0.00555488127744042 -0.0055397735923744 -0.00503965576210604 -0.00512356344696333 -0.00510799415804138 -0.00525232984892695 -0.00566001179549895 -0.00563007513979885 -0.00565276498592105 -0.0056151036328932 -0.00534922240202629 -0.00520569307887688 -0.00535146307195014 -0.00535846372460155 -0.00147677719912906 -0.00159243312610765 -0.00231678574959726 -0.00169902693918905 -0.00254046685114137 -0.00265337714003949 -0.00263927411090117 -0.00263927411090117 -0.00264004821808591 -0.00252856807929206 -0.00312983130620268 -0.00252782446796187 -0.000531878966009408 -0.000346220516981591 -0.000346220516981591 -0.000631997411618639 -0.000631997411618639 -0.000631997411618639 -0.000631997411618639 -0.000646243535056336 0.0128574591874395 -0.000102787683902178 0.000270414383604891 -0.00010281779137351 0.00577706996146871 0.00581624816877147 0.00584237730019329 0.00601716284622235 0.00603014897201517 0.00603014897201517 0.00534066297790138 0.00604313711269139 0.00604313711269139 -0.000500327749073063 0.00411363029740755 0.00412359898642353 0.00329705337286529 0.00330700315609718 0.00300671211268364 -0.00132884323342324 0.00364229902081877 0.00371182584301056 0.00462381235558538 0.00371182584301056 0.00593389444494134 0.00252433448206591 0.00381172165930893 0.00383160661503677 0.00383160661503677 -0.00128604848139518 0.00382114152936363 0.00385149397494506 0.00379183910603627 -0.00118608398409624 0.00613173183707666 -0.00142588445185481 -0.00118608398409624 0.00402660486409083 -0.00117179073232444 -0.00122894480951056 -0.00118608398409624 0.00372385413497644 0.00380183999341642 -0.0019515826273649 0.00392075296283507 -0.0011288920191288 0.00393378281650182 0.00402597331570355 0.00401292569306627 -0.00114319475184174 -0.000829953136464756 -0.00148551622514304
"rs12118185" 0.359665740748357 0.36777779624999 0.840725500199755 0.493345665115844 0.573704729889054 1 0.301545910883776 0.703587658244285 0.300509814855762 -0.0121060019991696 -0.0121060019991696 -0.0112626826189492 -0.0122474120923579 -0.00923881773702762 -0.0122040673302763 -0.0123998922348779 -0.0116989641302675 -0.0118410141519117 -0.0118144597865605 -0.0116163952381275 -0.0132955682526139 -0.0132450916349615 -0.0132835063095814 -0.0132198480594635 -0.0133900301139671 -0.014939681958564 -0.0138340794917745 -0.015198567414118 -0.00285764206190498 -0.0022211689323982 -0.00257441888566477 -0.00187112015355411 -0.00295966565584442 -0.00274328873916151 -0.00271905807303439 -0.00271905807303439 -0.00271985558110009 -0.00252724886646513 -0.00361453232146058 -0.00293716376355179 -0.00214669999878106 -0.00183207895949575 -0.00183207895949575 -0.00231708674359987 -0.00231708674359987 -0.00231708674359987 -0.00231708674359987 -0.00234122876793679 0.00525888363586621 -0.00183115810930721 -0.00186910555972566 -0.00183169447259798 0.00495583946303958 0.00502148852032673 0.00506527154800943 0.0051499877859987 0.00517173739266052 0.00517173739266052 0.00079918377387609 0.00519349030999809 0.00519349030999809 -0.00175497310640328 0.00262181743811977 0.00263867639055044 0.00254397315155203 0.00256083826436711 0.00205391507668735 -0.00240890216974564 0.00210863975373926 0.00222628872945413 0.000529806752692502 0.00222628872945413 0.00521861938869133 -0.00018876098552352 0.00239477018072409 0.00242841756917262 0.00242841756917262 -0.00233602214843168 0.00241126378473607 0.00218204441611474 0.00208115126347775 -0.00216578141782732 0.0048286977740204 -0.0028521392530386 -0.00216578141782732 0.00389230378185405 -0.00214143985261583 -0.00223877389505729 -0.00216578141782732 0.00403710261492431 0.00416892462786101 -0.00306130139905043 0.00436889150941995 -0.00206838289095763 0.00439091574390783 0.00454622570253951 0.00452417173157495 -0.00209274059258657 -0.00149487761316689 -0.00185601463322567
"rs145614101" 0.58061995424016 0.590388900958008 0.316995730145259 0.557301641696871 0.520762254730627 0.301545910883776 0.999999999999998 0.415640816553112 0.833300934159982 0.0102296887022791 0.0102296887022791 0.0109581471489812 0.0114833576225233 0.00514260241150159 0.0105399845221434 0.0105561754364204 0.0106921294191894 0.0106044593336788 0.0106197361032914 0.0104674603383568 0.00929290794665751 0.00932469741668356 0.00930124361868502 0.0093405959091722 0.00924155303310916 0.00901251733583672 0.00924542411349655 0.00998298295077917 -0.0082246375842743 -0.00833268363240922 -0.00823877286345127 -0.00689098332017917 -0.00774073037250755 -0.00784768783540057 -0.00783432793013722 -0.00783432793013722 -0.00783662576252725 -0.00773416556603703 -0.00835644583857601 -0.00773189107195074 -0.00702028424250317 -0.00684603197776917 -0.00684603197776917 -0.00711804150275406 -0.00711804150275406 -0.00711804150275406 -0.00711804150275406 -0.00713141354184894 -0.000519692599619057 -0.00662713030184797 -0.00685388904091656 -0.00662907145012903 -0.00233442203512175 -0.0029119807946577 -0.00288747389035761 -0.00261369765112101 -0.00260150063722439 -0.00260150063722439 -0.00839345830048328 -0.00319978465935059 -0.00319978465935059 -0.00635868079861471 -0.00667906172491473 -0.00666952484188571 -0.00656548564350972 -0.00655594119322628 -0.00683736227339663 -0.00649401901468029 -0.0066415504508418 -0.00657491607255819 -0.00825136459559385 -0.00657491607255819 -0.00280164209848839 -0.00438731432732846 -0.00695921061945401 -0.00694018259483438 -0.00694018259483438 -0.00645344763880189 -0.00694874704977482 -0.00692115249911773 -0.00697823657454749 -0.00635868079861471 -0.00261800573944227 -0.00717392700159997 -0.00635868079861471 -0.00295279284562622 -0.00634513118958993 -0.00639931237769148 -0.00635868079861471 -0.00328910170290204 -0.00321527163584632 -0.00638247086551456 -0.00310582141197762 -0.00630446508908285 -0.00309348755973006 -0.0030077874171985 -0.00302013718897742 -0.00631802333664304 -0.00666953172197332 -0.00664256104489726
"rs12044914" 0.283553280503809 0.290946546573609 0.60286202649952 0.275102313811298 0.343734442098143 0.703587658244285 0.415640816553112 1 0.436707821304525 -0.016081987375529 -0.016081987375529 -0.0155241486653468 -0.0190462047797522 0.00740212310483965 -0.0194109896967106 -0.0195839722440436 -0.0192258419534055 -0.0191798732948806 -0.0193510726891852 -0.0192152305502065 -0.0207123085163275 -0.0206576170388041 -0.0205009162221156 -0.0204316503055696 -0.02061895092503 -0.0210667567496092 -0.0206275877435658 -0.0201579587805302 -0.00914483221385878 -0.00822313312432185 -0.0089434280946119 -0.00869086253824428 -0.0100935192433414 -0.00955745862626248 -0.00953149860992648 -0.00953149860992648 -0.009534294227678 -0.00933184427117257 -0.0110384067847465 -0.0100735162582842 -0.0106623511292041 -0.00995750981854591 -0.00995750981854591 -0.0101093034919089 -0.0101093034919089 -0.0101093034919089 -0.0101093034919089 -0.010135065833056 -0.00741518993845334 -0.0106459421364998 -0.0105688247222902 -0.0099060232399789 0.00233499708859517 0.00208080480081382 0.00212849686314442 0.00254436305297218 0.00256808225411572 0.00256808225411572 -0.0041329291894229 0.00226812879816852 0.00226812879816852 -0.00975899503471108 -0.00505711241580052 -0.00503877967872884 -0.00534637965540657 -0.00532804680283225 -0.00561961057179941 -0.0103904757343813 -0.00565829897263298 -0.00553035935138579 -0.00503252732269624 -0.00553035935138579 0.00196953370000392 -0.00873319856377118 -0.00560200761594051 -0.00556543330379285 -0.00556543330379285 -0.0103127929005296 -0.00558295785029422 -0.00578266064512101 -0.0058923391583794 -0.0108760279197659 0.00167533376938344 -0.0100801544049966 -0.0108760279197659 0.00157177854774753 -0.0108501667371305 -0.0109535783798034 -0.0101313393297294 0.00179568144153715 0.00193961824185443 -0.0107745120419355 0.00215676421032083 -0.0107725500525469 0.00218081189577754 0.00234979044470778 0.00232571063591935 -0.010798427807012 -0.00961234275870218 -0.00993193370506868
"rs116275323" 0.584427340036686 0.601118040123431 0.320315793908127 0.55760804834447 0.518371465494626 0.300509814855762 0.833300934159982 0.436707821304525 1 0.00499992774258701 0.00499992774258701 0.00575622078228561 0.00601633544621323 -0.000216545557414929 0.00594124570453793 0.00595643260789162 0.00611729394710195 0.00603454008128363 0.00604920696549128 0.00590583599126482 0.00269284982317996 0.00272239087796318 0.0027003472569762 0.00273716474885672 0.00264239032342746 0.00235823226383037 0.00264349716178244 0.00337558709535641 -0.00461054969440163 -0.00471710320520681 -0.00601494696505347 -0.00534611985075944 -0.0062154755579139 -0.00631902327975423 -0.00703132737021121 -0.00703132737021121 -0.00703338968007643 -0.00693451475317981 -0.00758415578729267 -0.00693247542357636 -0.00614732227998818 -0.00597953711945628 -0.00597953711945628 -0.00624109552495663 -0.00624109552495663 -0.00624109552495663 -0.00624109552495663 -0.00625397117380768 -0.0033079268028318 -0.0050431091214767 -0.00521744648508781 -0.00504458629517902 -0.00413089297750476 -0.00409598206714313 -0.00407269954223664 -0.00433975088329596 -0.00432820111994602 -0.00432820111994602 -0.007956652037593 -0.00431664969028334 -0.00431664969028334 -0.00478260575882706 -0.00698358036376551 -0.00697445974838535 -0.00687504371240977 -0.00686591590383282 -0.00713464546443844 -0.00491373599648601 -0.00690971014607981 -0.00684597539277135 -0.0078204899955442 -0.00684597539277135 -0.00399115651518568 -0.0037643330971729 -0.006755807084865 -0.00673758045427565 -0.00673758045427565 -0.00487442639913075 -0.00674577194549039 -0.00671935184175737 -0.00677403173502955 -0.00478260575882706 -0.00381699954291925 -0.00552757948271979 -0.00478260575882706 -0.00418786124323481 -0.00476947727031162 -0.00482197432888119 -0.00478260575882706 -0.00456041691258134 -0.00449033340280818 -0.00476100037749078 -0.00438709705412007 -0.00473007488434066 -0.00437538944052699 -0.00429437117025244 -0.004306093705044 -0.00474321183485164 -0.00508378705979349 -0.00505765599619028
"rs10799172" 0.00210962434976982 0.00374577946317729 -0.0123032124377516 -0.00310258442216149 -0.0043730923688821 -0.0121060019991696 0.0102296887022791 -0.016081987375529 0.00499992774258701 1 1 0.997927662216998 0.980469792018106 0.900490141103715 0.978877569242703 0.978537545056434 0.976698128644198 0.976315439798771 0.976316666179981 0.975682186678015 0.952905673633755 0.952810276309259 0.952774437366897 0.952636348197489 0.952101788376839 0.950511067100254 0.95064830526209 0.946579451240069 0.00132303269195774 0.00158017349263827 0.00341555944132826 0.00297711585361865 0.00281116071827061 0.00274798738518529 0.00299210929423137 0.00299210929423137 0.00330805472305392 0.00353150294244544 0.00389523494073295 0.00368818471154636 0.00342713280095113 0.00360866259157776 0.00360866259157776 0.00423503439304916 0.00423503439304916 0.00423503439304916 0.00423503439304916 0.00430532460923983 0.0128446208798006 0.00382826538873792 0.00569977328096226 0.00398681485079639 0.00746281377119124 0.00755348762951698 0.00770600479437912 0.00905867061234561 0.00913452433247109 0.00913452433247109 0.0117478033170768 0.00934754477778141 0.00934754477778141 0.00383211232927576 0.00994329536839826 0.00989491547959141 0.0103337812938437 0.0102853898664678 0.0102214020131355 0.00359433972792537 0.00973058243464308 0.00982254998788124 0.0114292091207573 0.00982254998788124 0.00782576336864602 0.00256748487724415 0.00987855106108473 0.00999702935080804 0.0098894873860334 0.00322418055128293 0.00993643025161446 0.0099004252016014 0.00986761622574754 0.00304322227466532 0.00786728984050909 0.00488199865093659 0.00304322227466532 0.00824632731632187 0.00313005947663303 0.00325600306096549 0.00320100028558741 0.00876607959245273 0.00811527864809316 0.00308501968752109 0.00839377637593954 0.00323283928381094 0.00833154299962362 0.00817603623009572 0.00809904737352343 0.00330379214007725 0.00293980801100965 0.00279821149383618
"rs10799173" 0.00210962434976982 0.00374577946317729 -0.0123032124377516 -0.00310258442216149 -0.0043730923688821 -0.0121060019991696 0.0102296887022791 -0.016081987375529 0.00499992774258701 1 1 0.997927662216998 0.980469792018106 0.900490141103715 0.978877569242703 0.978537545056434 0.976698128644198 0.976315439798771 0.976316666179981 0.975682186678015 0.952905673633755 0.952810276309259 0.952774437366897 0.952636348197489 0.952101788376839 0.950511067100254 0.95064830526209 0.946579451240069 0.00132303269195774 0.00158017349263827 0.00341555944132826 0.00297711585361865 0.00281116071827061 0.00274798738518529 0.00299210929423137 0.00299210929423137 0.00330805472305392 0.00353150294244544 0.00389523494073295 0.00368818471154636 0.00342713280095113 0.00360866259157776 0.00360866259157776 0.00423503439304916 0.00423503439304916 0.00423503439304916 0.00423503439304916 0.00430532460923983 0.0128446208798006 0.00382826538873792 0.00569977328096226 0.00398681485079639 0.00746281377119124 0.00755348762951698 0.00770600479437912 0.00905867061234561 0.00913452433247109 0.00913452433247109 0.0117478033170768 0.00934754477778141 0.00934754477778141 0.00383211232927576 0.00994329536839826 0.00989491547959141 0.0103337812938437 0.0102853898664678 0.0102214020131355 0.00359433972792537 0.00973058243464308 0.00982254998788124 0.0114292091207573 0.00982254998788124 0.00782576336864602 0.00256748487724415 0.00987855106108473 0.00999702935080804 0.0098894873860334 0.00322418055128293 0.00993643025161446 0.0099004252016014 0.00986761622574754 0.00304322227466532 0.00786728984050909 0.00488199865093659 0.00304322227466532 0.00824632731632187 0.00313005947663303 0.00325600306096549 0.00320100028558741 0.00876607959245273 0.00811527864809316 0.00308501968752109 0.00839377637593954 0.00323283928381094 0.00833154299962362 0.00817603623009572 0.00809904737352343 0.00330379214007725 0.00293980801100965 0.00279821149383618
"rs6681359" 0.00304213568537625 0.00467677406117369 -0.0116681608054229 -0.00231652682180572 -0.00366032382710715 -0.0112626826189492 0.0109581471489812 -0.0155241486653468 0.00575622078228561 0.997927662216998 0.997927662216998 1 0.982055347982839 0.902248642713617 0.980371050548379 0.980371234260707 0.978531040271198 0.978147717736383 0.978148946764102 0.97751318691087 0.954634271682294 0.95453920060418 0.95450321241202 0.954365455505473 0.95383083274873 0.952243152188982 0.952378364563399 0.948311533268198 0.00142652875370422 0.0016834051532467 0.00335763443426637 0.00291928041767208 0.00275324817974203 0.002690009807187 0.00293410277374852 0.00293410277374852 0.00324998174713704 0.00347343604115734 0.0038371671963765 0.00363011013657837 0.00336868027613357 0.00355030298307262 0.00355030298307262 0.00417635616555328 0.00417635616555328 0.00417635616555328 0.00417635616555328 0.00424662602575264 0.0132156803621965 0.0039273033014951 0.00579666223556045 0.00408585706831115 0.00753247419477504 0.0076231913993261 0.00777572303325647 0.00912662842415847 0.0092024891258633 0.0092024891258633 0.0120397783307311 0.00941549503161409 0.00941549503161409 0.00393171584141883 0.0101725614534266 0.0101242067156714 0.0104554740569179 0.0104071046361177 0.010342610968574 0.00369371163497183 0.00985138835607574 0.00994344161064718 0.0117214429428763 0.00994344161064718 0.00789559734615741 0.00267622056966803 0.00999959382432832 0.0101180821806325 0.0100105570918547 0.00332369113469273 0.0100574615040533 0.010021521855765 0.00998863205217507 0.00314294958318978 0.00793742236181228 0.00497838950066352 0.00314294958318978 0.00831687786531005 0.00322980009514007 0.00335561621756409 0.00330070283483559 0.00883702886603077 0.00818644716703097 0.00318321188094144 0.00846511038612448 0.00333264463368148 0.00840290636009092 0.00824757789350817 0.00817058149854528 0.0034035593940975 0.00303893425822122 0.00289741346733509
"rs4484964" 0.000677062670416079 0.00233497228569593 -0.0135687042907722 -0.00478016277277809 -0.0057545275906307 -0.0122474120923579 0.0114833576225233 -0.0190462047797522 0.00601633544621323 0.980469792018106 0.980469792018106 0.982055347982839 0.999999999999997 0.910885107021715 0.989031753675927 0.988601090028308 0.986438181882581 0.985893011924557 0.986063278321139 0.985272895114819 0.962333609882108 0.962402853105912 0.962200286140317 0.962225363523526 0.96153127645247 0.960108617572059 0.960066438383172 0.955996762773876 0.00210129260718533 0.00237697023073654 0.00363046179571044 0.00383505385231744 0.00368989839727835 0.00364229479462944 0.00388642381251298 0.00388642381251298 0.00420523482004945 0.00441493211840392 0.00492874715967937 0.00473168076663084 0.00441252496100367 0.00472779595187922 0.00472779595187922 0.00539948962918606 0.00539948962918606 0.00539948962918606 0.00539948962918606 0.00547233195646208 0.0142601247994061 0.00491706011850376 0.00678245739199386 0.00507722926136214 0.00718617283106014 0.00727197905673112 0.00742201040396621 0.00879301078864069 0.00886763137853503 0.00886763137853503 0.0121344713015308 0.00908055176299226 0.00908055176299226 0.00488138905978579 0.0105325249902741 0.0104823193536941 0.010800525172 0.0107503035290923 0.0107283731801182 0.00466160253735802 0.0102760812094815 0.0103588386418814 0.0117920470069938 0.0103588386418814 0.00752963834278873 0.00365507187119173 0.0104011129757192 0.0105177189086956 0.0104092883697171 0.00428240409906419 0.0104579847231045 0.0104174649432815 0.0103929387605115 0.00408598073713324 0.00754325729524805 0.00600525008052438 0.00408598073713324 0.00788190904826735 0.00417153805160451 0.00430650927080037 0.00424506240166375 0.00836224002496486 0.00769468287366499 0.00376038797315044 0.00795816189821157 0.00426917238889549 0.00789351314477574 0.00786372905298777 0.00778799684163466 0.00434271015388633 0.00402753592475396 0.00388079355000996
"rs4345839" 0.00148571300513027 0.00304467438564665 -0.0121391644781794 -0.00612553981393846 -0.00864746131414253 -0.00923881773702762 0.00514260241150159 0.00740212310483965 -0.000216545557414929 0.900490141103715 0.900490141103715 0.902248642713617 0.910885107021715 1 0.919534249020528 0.919459382662877 0.920254870971543 0.919673661989486 0.91984943910836 0.918993568809042 0.895622510266862 0.895708382358466 0.895497979651302 0.895547461525049 0.894967206061378 0.891022542411332 0.893628739182386 0.887857865156218 -0.0020917341321124 -0.00160279347019398 -0.00037826887877131 -7.74369153552725e-05 -2.86825780561445e-05 -7.17191055237191e-06 0.000238133828689741 0.000238133828689741 0.000543514714921773 0.000675673389907956 0.00108067465041861 0.000981147001786208 0.000885634750621993 0.00132712166537981 0.00132712166537981 0.00190955750924009 0.00190955750924009 0.00190955750924009 0.00190955750924009 0.00196892239833202 0.00640930521925736 0.00168625416666503 0.00350242608946038 0.00183930109309813 0.00304716312744287 0.00315784495338407 0.00332085518200243 0.00471008759629029 0.00479116103536364 0.00479116103536364 0.00795297528200521 0.00500515459561179 0.00500515459561179 0.0014073407917696 0.00478040371012992 0.00473956236114992 0.00491734427475738 0.00487648725110342 0.0051585248111362 0.00139447562770579 0.00471222249846193 0.0048435704863525 0.00735003189066556 0.0048435704863525 0.00349019631963105 -0.000443779782976307 0.00485335507680146 0.00498023463989387 0.00487602295701948 0.00106223110948018 0.00491612101526927 0.00489869358888076 0.00483068994625554 0.000948664625496681 0.00364391528279299 0.00250064088480384 0.000948664625496681 0.00405104758213439 0.00104164725521205 0.00112836408322116 0.00110155668092099 0.00446003460978494 0.00387538107225031 0.000972634199581098 0.00407766389494039 0.00116775941876052 0.00402503032614102 0.00406214248867251 0.00397984498203013 0.00122767474314302 0.000798289037969816 0.000678694253360011
"rs4584438" 0.00111067073764067 0.00275972517612471 -0.0138794250258662 -0.00432264774026799 -0.00555488127744042 -0.0122040673302763 0.0105399845221434 -0.0194109896967106 0.00594124570453793 0.978877569242703 0.978877569242703 0.980371050548379 0.989031753675927 0.919534249020528 0.999999999999999 0.999572875724451 0.997226006682395 0.996673188212516 0.996843725834395 0.996038331766766 0.972990620228451 0.973063569701766 0.972859317510482 0.972888654682695 0.972190528346892 0.970905455922522 0.970736500433974 0.966794772534578 0.00167299667212668 0.00194096744333267 0.00342552024101484 0.00362533822257266 0.00347121893716377 0.00341691341652466 0.00366107030548573 0.00366107030548573 0.00397873591911249 0.00419446701589582 0.00471169734839411 0.00451019992520241 0.00414798118229085 0.00447323186149901 0.00447323186149901 0.00512550669263358 0.00512550669263358 0.00512550669263358 0.00512550669263358 0.00519725353461323 0.0149197793591868 0.00483416602542202 0.00663347380650181 0.00499377160170248 0.00867436327651308 0.00876253975324859 0.00891383666078507 0.0102101088326063 0.0102853509089584 0.0102853509089584 0.0131046000162048 0.010498423051482 0.010498423051482 0.00481610054483129 0.0116121289566617 0.0115627292506512 0.011778707081707 0.0117292888485033 0.0117959124327432 0.00458829921655121 0.0113257055828975 0.0114126113894982 0.0126726405495918 0.0114126113894982 0.00902731736628041 0.00337078100728122 0.0114612233549675 0.0115787001310381 0.0114706379880407 0.00421301554505622 0.0115183855633701 0.0114800539683063 0.0114518100681966 0.00386485346576684 0.00905458854875242 0.00568182072971414 0.00386485346576684 0.00927403518720194 0.00395097966004631 0.00408205517749883 0.00402339464561091 0.00977378511638729 0.0091138329216359 0.00349444556296664 0.0093850981421903 0.00405086209371291 0.00932156101182289 0.0092984614727132 0.0092220932138237 0.00412328988753539 0.00378688858252066 0.00364235554702231
"rs4543848" 0.00112270158306653 0.00277190179172703 -0.0140797093253757 -0.00430885295167689 -0.0055397735923744 -0.0123998922348779 0.0105561754364204 -0.0195839722440436 0.00595643260789162 0.978537545056434 0.978537545056434 0.980371234260707 0.988601090028308 0.919459382662877 0.999572875724451 1 0.997652982323527 0.997100077669129 0.997270614814434 0.996465051609522 0.973415157923108 0.973488142033173 0.973283866689171 0.97331322774571 0.972615112951808 0.971329974208228 0.97116111673918 0.967218997312976 0.00171094005392209 0.0019789826010342 0.00346424267825196 0.00366406243393498 0.00351000015909012 0.00345574059643898 0.00369991038110026 0.00369991038110026 0.00401761224591305 0.00423333271695772 0.00475056598263614 0.0045490790851737 0.0041871125941381 0.0045123074666729 0.0045123074666729 0.00516478114448491 0.00516478114448491 0.00516478114448491 0.00516478114448491 0.00523653986882355 0.015011310758051 0.00487321995202406 0.00667308888177235 0.00503284938885342 0.00858135294854618 0.00866948721816326 0.00882076323315113 0.0101184866557111 0.0101937185616063 0.0101937185616063 0.0131747466291617 0.0104067913527034 0.0104067913527034 0.00485503895491449 0.0115666239279497 0.0115172117611306 0.01173310571422 0.0116836750080943 0.0117505929503306 0.0046272824792768 0.0112806245550085 0.0113674774193235 0.0127426585915098 0.0113674774193235 0.00893413802714773 0.00340788471094383 0.0114160014549972 0.0115334703547307 0.0114253997265286 0.0042519505236163 0.0114731659064908 0.0114347993423636 0.011406604526881 0.00390371718247591 0.00896114339328451 0.00572151047630719 0.00390371718247591 0.00918018427515127 0.00398984386254735 0.00412095477687485 0.00406227081121567 0.00967954771815281 0.00901944352510187 0.00353358446814102 0.00929053590770201 0.00408971530497912 0.0092269770287324 0.00920373636425102 0.00912737890315359 0.0041621550645373 0.00382589039875492 0.00368133348458181
"rs9439510" 0.000937196487243556 0.00258547813712162 -0.0122249063830264 -0.00412088887101118 -0.00503965576210604 -0.0116989641302675 0.0106921294191894 -0.0192258419534055 0.00611729394710195 0.976698128644198 0.976698128644198 0.978531040271198 0.986438181882581 0.920254870971543 0.997226006682395 0.997652982323527 0.999999999999999 0.99944551751633 0.999616142546204 0.998807543455796 0.975784393095979 0.975858105474067 0.97565345992111 0.975683640879592 0.974984617403168 0.970746737696816 0.973363215620555 0.966551099071734 0.00192881354066093 0.00219521661407987 0.00366100860761171 0.00385958452436533 0.00370354384499661 0.00364782555713944 0.00389208162165532 0.00389208162165532 0.00420971194093819 0.00442694163770359 0.00494507982700965 0.00474250300733996 0.00437088521299399 0.00469832948225677 0.00469832948225677 0.0053469866827602 0.0053469866827602 0.0053469866827602 0.0053469866827602 0.00541853376737909 0.0150510884270817 0.00506250014851956 0.00684896473298626 0.00522212111526039 0.00857383336034481 0.00866236097087477 0.00881386194464173 0.0100999807095012 0.01017532350322 0.01017532350322 0.0134944195993011 0.0103884515166966 0.0103884515166966 0.0050480831407814 0.0116859967386136 0.0116367199965456 0.011853814533532 0.0118045193663079 0.0118678628566069 0.00481856609615901 0.0113945811163026 0.0114822040330219 0.0130642101786449 0.0114822040330219 0.00892819287647003 0.0036601548497452 0.0115318757556045 0.0116495274856281 0.0115415005168707 0.00444394106745566 0.0115891157702102 0.0115511266513919 0.0115222523666847 0.00409714569275155 0.00895733790981784 0.00589342927645172 0.00409714569275155 0.00917959970340996 0.00418342308706656 0.00431373927339273 0.00425563526742319 0.00968208561896449 0.00902311687335097 0.00371705085058777 0.00929540837055895 0.00428381098221646 0.00923202031439964 0.0092098079412691 0.00913333598884461 0.00435603583120267 0.00401509619075903 0.00387096665354708
"rs4462197" 0.000871269625395719 0.00251896359747137 -0.0123631936309041 -0.00419732662679947 -0.00512356344696333 -0.0118410141519117 0.0106044593336788 -0.0191798732948806 0.00603454008128363 0.976315439798771 0.976315439798771 0.978147717736383 0.985893011924557 0.919673661989486 0.996673188212516 0.997100077669129 0.99944551751633 0.999999999999999 0.999744069405283 0.999190636001457 0.976153228233811 0.975973611842023 0.97602241791835 0.975799292304522 0.975353611318075 0.970866035074609 0.973732977589469 0.966924726979093 0.00188124553993041 0.00214714027366876 0.00360730007006438 0.003805616790984 0.00364904951588762 0.00359293158079552 0.00383716584559935 0.00383716584559935 0.00415468440179068 0.00437223373103442 0.00489052839556141 0.00468771542007266 0.00431357784002372 0.00464159424466456 0.00464159424466456 0.00528899097215838 0.00528899097215838 0.00528899097215838 0.00528899097215838 0.00536046492705586 0.0147199600666919 0.00500645539720602 0.00678883839775425 0.00516601215197158 0.00832391062381407 0.00841250751060382 0.00856402672436929 0.00984748632924471 0.00992283825223 0.00992283825223 0.0132101385274432 0.0101359337520454 0.0101359337520454 0.00499306749051076 0.0114508040771547 0.0114015750796359 0.0116189336592759 0.0115696862529172 0.0116321840312339 0.00476309894189417 0.011158156245142 0.0112459823030865 0.0127805963188373 0.0112459823030865 0.00867854725535383 0.00362141141371043 0.0112959353355447 0.0114136171375475 0.0113056228190534 0.00438874329356194 0.0113532226302982 0.0113153116780354 0.0112862492265974 0.00404241745550791 0.00870810833369255 0.00598877018886577 0.00404241745550791 0.00893092887972965 0.0041287209177732 0.00425878920128334 0.00420085912800839 0.00943388943701864 0.00877531260751234 0.00381704856679291 0.00904769897626861 0.00422923496786173 0.00898436222121298 0.0089623255050607 0.00888584451285684 0.00430138581158874 0.00411723415904217 0.00397328696554885
"rs10753353" 0.000883198531691532 0.00253089703396358 -0.0123372907781878 -0.00418317258651855 -0.00510799415804138 -0.0118144597865605 0.0106197361032914 -0.0193510726891852 0.00604920696549128 0.976316666179981 0.976316666179981 0.978148946764102 0.986063278321139 0.91984943910836 0.996843725834395 0.997270614814434 0.999616142546204 0.999744069405283 1 0.999190739680936 0.976156174777087 0.976230065339359 0.976025360540603 0.976055755251531 0.975356604998134 0.971122535557514 0.973735986984272 0.966927525065226 0.00191901718030291 0.00218496071742093 0.00364570039703316 0.00384400179870989 0.00368750470232411 0.00363143735346991 0.00387566360637255 0.00387566360637255 0.0041931911993379 0.00441071143262929 0.00492896474993066 0.00472617954858716 0.00435232512842971 0.00468025790766624 0.00468025790766624 0.00532779754533323 0.00532779754533323 0.00532779754533323 0.00532779754533323 0.00539927723511076 0.0148951745372744 0.00504506647607062 0.00682785633949418 0.00520463341376968 0.00836882032325439 0.00845739911824766 0.00860890561050858 0.00989276887350602 0.00996811445936326 0.00996811445936326 0.0132791127099054 0.0101812026401612 0.0101812026401612 0.00503156464817135 0.0115125097497197 0.0114632757085638 0.0116805818746935 0.0116313294248076 0.0116939462334404 0.00480166043360049 0.0112200582488922 0.011307845925564 0.0128494789769677 0.011307845925564 0.00872338457025944 0.00365819835621548 0.0113577531266626 0.0114754233028684 0.0113674297539828 0.00442728865017022 0.0114150261606675 0.0113771077568462 0.0113480778739743 0.00408092138786087 0.00875286819233285 0.00587153945990576 0.00408092138786087 0.00897557334596008 0.0041672179626037 0.0042973104059171 0.00423936193124595 0.00947841640814226 0.00881980922702265 0.00369849674919801 0.00909216144225912 0.00426771247566805 0.00902881929450045 0.00900675201861437 0.00893027741736474 0.00433986907933674 0.00399784493449441 0.00385385128781358
